9.837398373983740063e-01
1.000000000000000000e+00
1.000000000000000000e+00
1.000000000000000000e+00
1.000000000000000000e+00
1.000000000000000000e+00
1.000000000000000000e+00
9.766081871345028143e-01
1.000000000000000000e+00
9.809523809523807980e-01
9.797979797979795569e-01
9.894179894179894186e-01
1.000000000000000000e+00
9.939939939939940183e-01
9.728997289972899365e-01
9.891598915989160412e-01
9.896640826873385199e-01
9.707602339181287121e-01
9.943019943019942852e-01
9.888888888888889284e-01
9.722222222222219878e-01
9.735449735449734909e-01
1.000000000000000000e+00
1.000000000000000000e+00
9.936507936507936734e-01
9.928315412186380362e-01
9.943019943019941742e-01
9.886039886039886815e-01
1.000000000000000000e+00
9.945799457994579651e-01
9.809523809523810201e-01
9.945799457994579651e-01
9.784946236559141086e-01
9.837398373983740063e-01
1.000000000000000000e+00
9.934640522875817226e-01
9.444444444444446418e-01
9.879879879879878146e-01
9.894179894179893076e-01
9.941520467836257868e-01
9.772079772079771409e-01
9.934640522875817226e-01
9.640522875816993631e-01
9.886039886039886815e-01
9.772079772079772519e-01
9.945799457994579651e-01
9.707602339181286011e-01
9.848484848484848619e-01
9.879879879879880367e-01
9.772079772079772519e-01
1.000000000000000000e+00
9.941520467836257868e-01
9.888888888888887063e-01
9.888888888888889284e-01
9.941520467836257868e-01
9.894179894179894186e-01
9.837398373983738953e-01
9.829059829059829667e-01
9.824561403508770274e-01
9.886039886039886815e-01
1.000000000000000000e+00
9.694444444444446640e-01
9.888888888888889284e-01
1.000000000000000000e+00
9.833333333333333925e-01
9.886039886039884594e-01
1.000000000000000000e+00
9.888888888888889284e-01
1.000000000000000000e+00
9.777777777777777457e-01
1.000000000000000000e+00
9.879879879879880367e-01
1.000000000000000000e+00
9.857549857549857686e-01
1.000000000000000000e+00
9.701897018970188080e-01
9.883040935672514626e-01
9.856630824372759614e-01
1.000000000000000000e+00
9.891598915989160412e-01
1.000000000000000000e+00
9.837398373983738953e-01
9.886039886039886815e-01
9.876543209876543772e-01
1.000000000000000000e+00
9.824561403508770274e-01
9.944444444444444642e-01
9.949494949494949170e-01
9.938271604938271331e-01
9.803921568627451677e-01
1.000000000000000000e+00
1.000000000000000000e+00
9.819819819819820550e-01
9.945799457994579651e-01
1.000000000000000000e+00
9.629629629629627985e-01
9.707602339181286011e-01
9.741602067183463554e-01
9.826388888888888395e-01
9.841269841269841834e-01
